40378
34176
49800
35879
54132
53308
30805
42347
38119
33865
27710
29258
32361
32281
39805
26392
34381
30027
26311
24185
34475
26468
28291
29367
24148
27397
27383
24008
30055
25436
22151
26454
23466
24999
23114
25125
21624
20106
20667
26444
22679
23097
17978
22789
20078
19281
22857
23444
15936
23640
18689
16728
20225
22940
21030
17941
20271
20403
18780
18992
20110
16784
16826
20345
16515
16092
15263
18884
18067
16234
15592
15065
16118
15984
14754
13903
16672
13890
15166
15151
16827
13717
13367
13834
16000
15623
16456
16052
14026
12811
15469
14761
13285
14267
13539
13230
13459
13266
15733
12334
