-27899.0
-22398.0
-34691.0
-23681.0
-38009.0
-38593.0
-19283.0
-28375.0
-25708.0
-21969.0
-16806.0
-18349.0
-21292.0
-20696.0
-26195.0
-14559.0
-23320.0
-18288.0
-15307.0
-14538.0
-22822.0
-15343.0
-16400.0
-18602.0
-14065.0
-17249.0
-16488.0
-13969.0
-18169.0
-14866.0
-12563.0
-15321.0
-13572.0
-14845.0
-12950.0
-13253.0
-11062.0
-10729.0
-11942.0
-14203.0
-12748.0
-12507.0
-8821.0
-12287.0
-10751.0
-9294.0
-12345.0
-13326.0
-7573.0
-13763.0
-9514.0
-8611.0
-11014.0
-12147.0
-10036.0
-9029.0
-9462.0
-10463.0
-9225.0
-9587.0
-9016.0
-7329.0
-8098.0
-10795.0
-7581.0
-6957.0
-6659.0
-9604.0
-8971.0
-7290.0
-7000.0
-6309.0
-6947.0
-7249.0
-6197.0
-6154.0
-7525.0
-6036.0
-6703.0
-6469.0
-7072.0
-5956.0
-5173.0
-5653.0
-7098.0
-5988.0
-6520.0
-6318.0
-5744.0
-5064.0
-6770.0
-5924.0
-5754.0
-5602.0
-5296.0
-5654.0
-4792.0
-4933.0
-4923.0
-4780.0
