7.477407407407408
6.328888888888889
9.222222222222221
6.644259259259259
10.024444444444445
9.871851851851853
5.70462962962963
7.842037037037037
7.059074074074074
6.271296296296296
5.131481481481481
5.418148148148148
5.9927777777777775
5.977962962962963
7.371296296296296
4.887407407407407
6.366851851851852
5.560555555555555
4.872407407407407
4.478703703703704
6.3842592592592595
4.901481481481482
5.239074074074074
5.4383333333333335
4.471851851851852
5.073518518518519
5.070925925925926
4.445925925925926
5.565740740740741
4.71037037037037
4.102037037037037
4.898888888888889
4.345555555555555
4.629444444444444
4.28037037037037
4.652777777777778
4.004444444444444
3.723333333333333
3.8272222222222223
4.897037037037037
4.199814814814815
4.277222222222222
3.3292592592592594
4.220185185185185
3.718148148148148
3.5705555555555555
4.232777777777778
4.341481481481481
2.951111111111111
4.377777777777778
3.4609259259259257
3.097777777777778
3.7453703703703702
4.2481481481481485
3.8944444444444444
3.3224074074074075
3.753888888888889
3.7783333333333333
3.477777777777778
3.517037037037037
3.724074074074074
3.1081481481481483
3.115925925925926
3.7675925925925924
3.058333333333333
2.98
2.8264814814814816
3.497037037037037
3.345740740740741
3.0062962962962962
2.8874074074074074
2.789814814814815
2.984814814814815
2.96
2.732222222222222
2.5746296296296296
3.0874074074074076
2.5722222222222224
2.8085185185185186
2.805740740740741
3.116111111111111
2.540185185185185
2.47537037037037
2.561851851851852
2.962962962962963
2.893148148148148
3.0474074074074076
2.9725925925925925
2.5974074074074074
2.3724074074074073
2.8646296296296296
2.7335185185185185
2.460185185185185
2.642037037037037
2.507222222222222
2.45
2.4924074074074074
2.4566666666666666
2.9135185185185186
2.284074074074074
