46449
46843
45620
29030
33270
33139
34494
39078
37352
27794
37229
27905
35964
45331
39973
41789
27830
44244
28284
27261
32735
32938
36994
31079
27974
28536
39485
34707
28545
30213
28492
30744
28325
26581
32374
34939
31987
28116
29132
33417
39068
35034
36865
31805
29331
31295
32173
29348
28996
41913
30742
35480
26049
39553
38143
29336
57005
50668
66521
36604
56504
51592
58707
93006
83288
48120
64122
186639
109986
72533
364351
514561
641842
361255
265819
573706
325833
682402
508588
655125
796671
644132
650019
839752
843255
709882
1130802
1191913
916091
1063677
2288554
1626475
1200914
3180271
1544067
1724091
1821804
1909620
2262406
1970387
