8.601666666666667
8.67462962962963
8.448148148148148
5.375925925925926
6.161111111111111
6.136851851851852
6.387777777777778
7.236666666666666
6.917037037037037
5.147037037037037
6.894259259259259
5.167592592592593
6.66
8.39462962962963
7.4024074074074075
7.738703703703703
5.1537037037037035
8.193333333333333
5.237777777777778
5.048333333333333
6.062037037037037
6.0996296296296295
6.850740740740741
5.75537037037037
5.180370370370371
5.2844444444444445
7.312037037037037
6.427222222222222
5.286111111111111
5.595
5.276296296296296
5.693333333333333
5.24537037037037
4.922407407407407
5.995185185185186
6.470185185185185
5.923518518518518
5.206666666666667
5.394814814814815
6.1883333333333335
7.234814814814815
6.487777777777778
6.826851851851852
5.889814814814815
5.431666666666667
5.79537037037037
5.957962962962963
5.434814814814815
5.36962962962963
7.761666666666667
5.692962962962963
6.57037037037037
4.823888888888889
7.32462962962963
7.063518518518518
5.432592592592592
10.556481481481482
9.382962962962964
12.318703703703704
6.778518518518519
10.463703703703704
9.554074074074075
10.871666666666666
17.223333333333333
15.423703703703703
8.911111111111111
11.874444444444444
34.562777777777775
20.36777777777778
13.432037037037038
67.4724074074074
95.28907407407408
118.85962962962962
66.89907407407408
49.22574074074074
106.24185185185185
60.339444444444446
126.37074074074074
94.18296296296296
121.31944444444444
147.53166666666667
119.28370370370371
120.37388888888889
155.50962962962964
156.15833333333333
131.45962962962963
209.40777777777777
220.72462962962962
169.6464814814815
196.97722222222222
423.8062962962963
301.1990740740741
222.3914814814815
588.939074074074
285.93833333333333
319.2761111111111
337.37111111111113
353.6333333333333
418.96407407407406
364.8864814814815
