-32047.0
-34015.0
-29361.0
-17873.0
-22328.0
-21938.0
-22487.0
-27214.0
-25110.0
-17442.0
-26142.0
-17183.0
-23618.0
-30668.0
-27602.0
-28062.0
-17278.0
-31667.0
-17251.0
-16547.0
-20905.0
-21310.0
-22453.0
-20032.0
-17098.0
-17831.0
-28043.0
-23446.0
-18045.0
-19126.0
-18246.0
-18957.0
-17757.0
-16064.0
-19754.0
-19920.0
-20258.0
-17514.0
-19351.0
-20314.0
-27455.0
-23748.0
-23682.0
-21525.0
-19547.0
-20123.0
-19577.0
-18836.0
-17826.0
-30041.0
-19049.0
-23895.0
-16057.0
-26507.0
-23416.0
-19157.0
-40113.0
-34716.0
-48231.0
-25097.0
-35936.0
-36656.0
-39630.0
-75050.0
-64689.0
-33119.0
-49567.0
-155414.0
-88725.0
-57327.0
-307551.0
-459848.0
-581901.0
-311456.0
-223212.0
-524408.0
-266481.0
-611522.0
-445281.0
-579232.0
-708592.0
-599391.0
-579439.0
-752508.0
-765556.0
-645906.0
-1030073.0
-1079393.0
-796326.0
-964338.0
-2120854.0
-1550320.0
-1096487.0
-3007745.0
-1431850.0
-1660255.0
-1767703.0
-1853069.0
-2207135.0
-1943334.0
