43095
35172
48473
45245
43503
32831
44405
42384
40683
34719
43873
54831
58849
36745
48002
40176
46137
45828
32143
35326
37702
31898
54869
46871
34607
31334
29171
37302
36974
32974
28101
49484
38565
42460
31076
50371
33076
33429
32622
53189
35342
40349
46120
30222
48778
42425
36043
43330
36693
35489
29880
34989
28934
50559
40732
34645
32795
35660
28188
41435
50493
35464
36835
33244
29192
47120
32144
34523
37748
30282
32915
44085
49921
38467
31135
41593
38451
38973
38608
25993
32028
35066
36262
34764
30407
56919
32553
33607
36457
40910
29694
35289
32592
34641
30446
41555
33317
31407
38352
36224
32179
34069
26087
45101
33030
38788
32992
29419
31743
33772
33378
33410
41414
28426
44259
39360
31880
29123
38924
28410
28687
30119
36822
30017
26241
31552
33569
34509
44944
29438
36120
34131
30060
27362
30005
30642
32034
27567
39085
33880
30004
32188
36784
34760
29565
31417
39421
29083
29753
33057
25704
27619
27896
25793
33466
44410
34707
35633
28828
32534
32318
28885
24641
27086
24484
30413
27585
28132
31590
30812
32110
32013
30459
42856
31462
26016
28915
26843
31785
30660
43942
28753
47838
34113
31298
30460
31413
30777
31414
33230
30334
26833
30334
26766
27576
26300
28411
33728
30692
22864
33653
24683
37107
29339
36730
28396
29494
25252
28586
26699
33110
26144
22426
31333
35356
27889
28216
25149
30004
29619
27836
31183
26816
31651
25821
24810
31913
28227
24630
23568
22751
24852
25992
27890
29434
34171
26157
26404
28143
21716
21709
26293
30356
30232
28214
26667
26346
26443
27055
24368
25024
23615
26830
29259
28147
27039
37773
29320
25690
24889
23573
26947
24493
24349
28482
25487
21655
20597
23973
28984
24304
31812
24242
32184
21858
27018
26412
24178
22694
27649
29886
23400
23056
24243
26940
25996
27440
21986
23479
23664
25911
29272
23235
25745
30163
26748
25440
24107
28305
29909
23318
21185
29064
26377
24244
23740
30973
24536
28316
24687
24819
25188
22287
22618
23580
25096
24829
22875
22939
20366
27082
22576
23083
24136
22172
22743
27182
20878
22071
23911
20462
24500
21617
23687
25454
24191
25778
22990
25432
23437
22634
21991
25018
25440
21367
23237
24410
23134
24271
23036
20878
25462
23812
22400
25946
21424
23258
22646
23551
21548
24411
23120
21913
22446
26091
23808
21030
21710
24080
26126
20270
21159
27115
17893
20535
21951
24626
28725
21719
23586
22066
21710
21317
21033
21390
23126
22528
22281
23541
21404
23146
19001
20095
22934
21213
24628
22872
23022
22802
21801
22564
22616
21827
24786
24887
23312
20762
21498
24267
21423
20327
22411
19549
24510
25953
23130
21925
21118
19147
21533
22557
21736
28938
21311
18909
18766
21212
21825
21378
20779
21239
19048
20054
19766
21352
24468
19056
21303
21607
18257
20368
25588
20856
22891
22512
20522
21196
18669
23413
19716
20927
21472
20810
22793
23508
20446
20974
22835
20174
21950
19178
20750
20830
18228
24176
18931
20734
19988
22640
23116
21002
22572
19629
18380
21230
21433
21650
18763
19482
21790
18814
19559
17718
20192
19027
22025
20097
22092
18596
20264
20416
19043
19063
17638
18968
21107
19096
20670
17741
19433
18548
17782
20167
18795
18271
20701
24015
19461
18150
18519
19513
17533
18878
20488
18262
19825
19257
23905
19159
22558
18694
21420
20848
21755
18212
18558
19587
22248
19891
19902
19399
17338
20539
17280
17404
19265
21233
18925
23380
18745
16573
20073
19112
17365
15837
20994
17976
19665
19245
17166
17317
18216
19706
17514
16569
19417
18706
17713
18000
17981
20090
16857
20067
19735
17862
19707
16444
19733
16892
18580
16825
17640
19809
16134
21977
17929
20051
19428
16439
18174
16128
21031
19097
16925
19832
18967
19788
20134
19931
17856
16072
18122
18225
17235
16337
19476
17811
17864
16670
17795
15921
17991
17653
19719
17085
16035
18085
15949
17290
19748
18438
18207
16849
17606
17084
18100
16388
17123
17304
16650
19158
20156
15916
16652
17138
20471
16381
17382
15611
21263
18327
18197
17005
17754
19598
18355
16380
18284
18106
17249
17261
17264
18314
17037
18504
15416
19862
18589
16944
17524
15207
17569
17269
18496
17932
17531
16969
15840
18692
17900
17821
16791
16643
17100
18107
15850
15895
17614
18834
15383
16449
18007
14286
17657
21694
15666
18705
16170
17909
18100
16101
16501
16406
17596
17850
15446
15432
14505
17511
17570
16006
15737
15486
16002
16402
19353
16009
16608
13789
16023
14219
18017
17712
16519
17518
18704
15591
18226
15977
15902
16157
15844
16248
14622
19011
15499
15915
15814
16266
17404
16290
15694
16549
14721
16015
17276
16294
16434
14743
16068
15669
14833
14798
17272
17801
13313
15888
15245
15928
14983
15404
13847
14719
15708
16605
14918
16051
15371
15857
15026
15571
16751
17300
15161
16979
14444
15146
15830
17784
14962
14468
15434
15618
16905
16991
14027
15545
16557
14259
15202
15310
16282
15925
17142
14306
14190
15330
15223
15990
15484
16299
15830
14130
15617
14545
13807
14344
14193
14621
14654
14437
17223
15427
15099
17659
14939
15769
15249
16715
15254
15691
15460
15526
15249
17138
14394
14215
16069
13796
14159
18288
14609
13275
13437
14829
15245
16240
14759
14636
16156
13492
16723
13034
14469
14208
17280
13822
14774
17452
13497
14823
16031
14740
13806
15249
14493
14705
14757
14909
15041
15793
15619
15464
14870
15600
15142
14924
16809
13882
14388
15412
13552
15819
13502
14182
16035
16570
14431
14120
13670
16235
15301
15121
14444
15148
12487
14283
14566
13620
13124
13087
14876
15941
12513
14703
12969
15478
14104
16239
14368
14838
13609
13882
14683
13937
13220
13618
13452
13899
15168
14568
13306
13571
15492
14747
13658
13536
15082
14659
17803
14196
13535
13814
12766
14964
14461
14889
13755
15926
13389
14353
15345
12780
14864
13298
14095
13163
14516
13646
14304
13439
13970
13098
14108
14102
13671
13246
14353
13562
13672
15197
14017
15770
13574
14547
15455
12004
14070
13489
14454
14330
13971
12740
13795
12932
12618
12998
12383
12362
13375
14069
14606
14821
14030
14002
12532
14855
12812
12105
15952
13125
13284
14324
14209
12990
13022
14252
11563
14386
12671
14172
13482
11546
12243
13274
14813
13247
14612
11363
12045
13559
14602
13604
12995
14205
12640
12007
12706
12614
13048
14097
12719
13616
14724
12300
12457
14412
15194
13938
13285
