7.980555555555555
6.513333333333334
8.976481481481482
8.378703703703703
8.056111111111111
6.079814814814815
8.223148148148148
7.848888888888889
7.533888888888889
6.429444444444444
8.124629629629629
10.153888888888888
10.897962962962962
6.80462962962963
8.889259259259259
7.44
8.543888888888889
8.486666666666666
5.952407407407407
6.541851851851852
6.981851851851852
5.907037037037037
10.160925925925927
8.679814814814815
6.408703703703703
5.8025925925925925
5.402037037037037
6.907777777777778
6.847037037037037
6.106296296296296
5.203888888888889
9.163703703703703
7.141666666666667
7.862962962962963
5.754814814814814
9.327962962962962
6.1251851851851855
6.190555555555555
6.041111111111111
9.849814814814815
6.544814814814814
7.472037037037037
8.540740740740741
5.596666666666667
9.032962962962962
7.856481481481482
6.67462962962963
8.024074074074074
6.795
6.572037037037037
5.533333333333333
6.479444444444445
5.358148148148148
9.362777777777778
7.542962962962963
6.41574074074074
6.073148148148148
6.603703703703704
5.22
7.673148148148148
9.350555555555555
6.567407407407408
6.821296296296296
6.156296296296296
5.405925925925926
8.725925925925926
5.952592592592593
6.393148148148148
6.99037037037037
5.607777777777778
6.095370370370371
8.16388888888889
9.24462962962963
7.123518518518519
5.765740740740741
7.702407407407407
7.120555555555556
7.217222222222222
7.149629629629629
4.813518518518518
5.931111111111111
6.493703703703703
6.715185185185185
6.437777777777778
5.630925925925926
10.540555555555555
6.028333333333333
6.223518518518518
6.751296296296296
7.575925925925926
5.498888888888889
6.535
6.035555555555556
6.415
5.638148148148148
7.69537037037037
6.169814814814814
5.816111111111111
7.102222222222222
6.708148148148148
5.959074074074074
6.309074074074074
4.830925925925926
8.352037037037038
6.116666666666666
7.1829629629629625
6.109629629629629
5.447962962962963
5.878333333333333
6.254074074074074
6.181111111111111
6.187037037037037
7.66925925925926
5.264074074074074
8.196111111111112
7.288888888888889
5.9037037037037035
5.393148148148148
7.208148148148148
5.261111111111111
5.312407407407408
5.577592592592593
6.818888888888889
5.558703703703704
4.859444444444445
5.842962962962963
6.216481481481481
6.390555555555555
8.322962962962963
5.451481481481482
6.688888888888889
6.320555555555556
5.566666666666666
5.0670370370370375
5.556481481481481
5.674444444444444
5.932222222222222
5.105
7.237962962962963
6.274074074074074
5.5562962962962965
5.960740740740741
6.811851851851852
6.437037037037037
5.475
5.817962962962963
7.300185185185185
5.385740740740741
5.509814814814815
6.121666666666667
4.76
5.114629629629629
5.165925925925926
4.776481481481482
6.1974074074074075
8.224074074074075
6.427222222222222
6.598703703703704
5.338518518518518
6.024814814814815
5.984814814814815
5.349074074074074
4.563148148148148
5.015925925925926
4.534074074074074
5.632037037037037
5.108333333333333
5.20962962962963
5.85
5.705925925925926
5.946296296296296
5.928333333333334
5.640555555555555
7.936296296296296
5.826296296296296
4.817777777777778
5.354629629629629
4.9709259259259255
5.886111111111111
5.677777777777778
8.137407407407407
5.32462962962963
8.858888888888888
6.317222222222222
5.795925925925926
5.640740740740741
5.817222222222222
5.6994444444444445
5.817407407407408
6.1537037037037035
5.617407407407407
4.969074074074074
5.617407407407407
4.956666666666667
5.1066666666666665
4.87037037037037
5.261296296296297
6.245925925925926
5.683703703703704
4.234074074074074
6.232037037037037
4.570925925925926
6.871666666666667
5.433148148148148
6.801851851851852
5.258518518518518
5.4618518518518515
4.676296296296297
5.293703703703704
4.944259259259259
6.131481481481481
4.841481481481481
4.152962962962963
5.802407407407407
6.547407407407407
5.16462962962963
5.225185185185185
4.657222222222222
5.5562962962962965
5.485
5.154814814814815
5.774629629629629
4.965925925925926
5.861296296296296
4.781666666666666
4.594444444444444
5.909814814814815
5.227222222222222
4.561111111111111
4.364444444444445
4.213148148148148
4.602222222222222
4.8133333333333335
5.1648148148148145
5.45074074074074
6.327962962962963
4.8438888888888885
4.8896296296296295
5.211666666666667
4.021481481481482
4.020185185185185
4.869074074074074
5.6214814814814815
5.598518518518518
5.224814814814815
4.9383333333333335
4.878888888888889
4.896851851851852
5.010185185185185
4.5125925925925925
4.634074074074074
4.3731481481481485
4.968518518518518
5.418333333333333
5.212407407407407
5.0072222222222225
6.995
5.42962962962963
4.757407407407407
4.609074074074074
4.36537037037037
4.990185185185185
4.53574074074074
4.509074074074074
5.274444444444445
4.719814814814815
4.010185185185185
3.8142592592592592
4.439444444444445
5.367407407407407
4.500740740740741
5.891111111111111
4.489259259259259
5.96
4.047777777777778
5.003333333333333
4.891111111111111
4.477407407407408
4.202592592592593
5.120185185185186
5.5344444444444445
4.333333333333333
4.269629629629629
4.489444444444445
4.988888888888889
4.814074074074074
5.0814814814814815
4.071481481481482
4.347962962962963
4.3822222222222225
4.798333333333333
5.420740740740741
4.302777777777778
4.767592592592592
5.585740740740741
4.953333333333333
4.711111111111111
4.46425925925926
5.241666666666666
5.538703703703704
4.318148148148148
3.9231481481481483
5.3822222222222225
4.88462962962963
4.489629629629629
4.396296296296296
5.735740740740741
4.543703703703704
5.243703703703703
4.571666666666666
4.596111111111111
4.664444444444444
4.127222222222223
4.188518518518518
4.366666666666666
4.647407407407408
4.597962962962963
4.236111111111111
4.247962962962963
3.7714814814814814
5.015185185185185
4.180740740740741
4.274629629629629
4.46962962962963
4.105925925925926
4.211666666666667
5.033703703703703
3.866296296296296
4.0872222222222225
4.427962962962963
3.7892592592592593
4.537037037037037
4.003148148148148
4.386481481481481
4.713703703703704
4.479814814814815
4.773703703703704
4.257407407407407
4.70962962962963
4.340185185185185
4.191481481481482
4.0724074074074075
4.632962962962963
4.711111111111111
3.956851851851852
4.303148148148148
4.520370370370371
4.284074074074074
4.49462962962963
4.265925925925926
3.866296296296296
4.715185185185185
4.40962962962963
4.148148148148148
4.804814814814815
3.9674074074074075
4.307037037037037
4.1937037037037035
4.361296296296296
3.9903703703703703
4.520555555555555
4.281481481481482
4.0579629629629625
4.156666666666666
4.831666666666667
4.408888888888889
3.8944444444444444
4.020370370370371
4.45925925925926
4.838148148148148
3.7537037037037035
3.9183333333333334
5.021296296296296
3.3135185185185185
3.8027777777777776
4.065
4.560370370370371
5.319444444444445
4.022037037037037
4.3677777777777775
4.086296296296296
4.020370370370371
3.9475925925925925
3.895
3.9611111111111112
4.282592592592593
4.1718518518518515
4.126111111111111
4.359444444444445
3.9637037037037035
4.286296296296296
3.5187037037037037
3.721296296296296
4.247037037037037
3.9283333333333332
4.560740740740741
4.235555555555556
4.263333333333334
4.2225925925925925
4.037222222222222
4.178518518518518
4.188148148148148
4.042037037037037
4.59
4.6087037037037035
4.3170370370370375
3.8448148148148147
3.9811111111111113
4.493888888888889
3.9672222222222224
3.7642592592592594
4.150185185185185
3.620185185185185
4.538888888888889
4.806111111111111
4.283333333333333
4.060185185185185
3.910740740740741
3.5457407407407406
3.9875925925925926
4.177222222222222
4.025185185185185
5.358888888888889
3.9464814814814817
3.5016666666666665
3.475185185185185
3.928148148148148
4.041666666666667
3.9588888888888887
3.847962962962963
3.933148148148148
3.5274074074074075
3.7137037037037035
3.6603703703703703
3.954074074074074
4.5311111111111115
3.528888888888889
3.945
4.001296296296296
3.380925925925926
3.771851851851852
4.738518518518519
3.862222222222222
4.239074074074074
4.168888888888889
3.8003703703703704
3.9251851851851853
3.457222222222222
4.335740740740741
3.651111111111111
3.8753703703703706
3.9762962962962964
3.8537037037037036
4.2209259259259255
4.3533333333333335
3.7862962962962965
3.884074074074074
4.228703703703704
3.735925925925926
4.064814814814815
3.5514814814814817
3.8425925925925926
3.8574074074074076
3.3755555555555556
4.477037037037037
3.5057407407407406
3.8396296296296297
3.7014814814814816
4.192592592592592
4.2807407407407405
3.8892592592592594
4.18
3.635
3.403703703703704
3.9314814814814816
3.969074074074074
4.0092592592592595
3.4746296296296295
3.6077777777777778
4.035185185185185
3.484074074074074
3.622037037037037
3.281111111111111
3.739259259259259
3.5235185185185185
4.078703703703703
3.7216666666666667
4.091111111111111
3.4437037037037035
3.7525925925925927
3.780740740740741
3.5264814814814813
3.5301851851851853
3.2662962962962965
3.5125925925925925
3.908703703703704
3.5362962962962965
3.827777777777778
3.2853703703703703
3.5987037037037037
3.434814814814815
3.292962962962963
3.7346296296296297
3.4805555555555556
3.3835185185185184
3.8335185185185185
4.447222222222222
3.6038888888888887
3.361111111111111
3.4294444444444445
3.6135185185185184
3.2468518518518517
3.495925925925926
3.794074074074074
3.381851851851852
3.6712962962962963
3.5661111111111112
4.426851851851852
3.5479629629629628
4.177407407407407
3.461851851851852
3.966666666666667
3.8607407407407406
4.0287037037037035
3.372592592592593
3.4366666666666665
3.627222222222222
4.12
3.6835185185185186
3.6855555555555557
3.5924074074074075
3.2107407407407407
3.8035185185185183
3.2
3.222962962962963
3.5675925925925926
3.932037037037037
3.5046296296296298
4.32962962962963
3.471296296296296
3.069074074074074
3.7172222222222224
3.5392592592592593
3.2157407407407406
2.932777777777778
3.887777777777778
3.328888888888889
3.6416666666666666
3.563888888888889
3.178888888888889
3.206851851851852
3.3733333333333335
3.649259259259259
3.243333333333333
3.0683333333333334
3.595740740740741
3.464074074074074
3.2801851851851853
3.3333333333333335
3.329814814814815
3.7203703703703703
3.1216666666666666
3.716111111111111
3.6546296296296297
3.307777777777778
3.6494444444444443
3.045185185185185
3.654259259259259
3.1281481481481483
3.4407407407407407
3.115740740740741
3.2666666666666666
3.6683333333333334
2.9877777777777776
4.069814814814815
3.3201851851851854
3.7131481481481483
3.597777777777778
3.044259259259259
3.3655555555555554
2.986666666666667
3.8946296296296294
3.5364814814814816
3.134259259259259
3.6725925925925926
3.5124074074074074
3.6644444444444444
3.7285185185185186
3.6909259259259257
3.3066666666666666
2.9762962962962964
3.3559259259259258
3.375
3.191666666666667
3.0253703703703705
3.6066666666666665
3.2983333333333333
3.308148148148148
3.087037037037037
3.2953703703703705
2.9483333333333333
3.3316666666666666
3.2690740740740742
3.651666666666667
3.1638888888888888
2.9694444444444446
3.349074074074074
2.9535185185185187
3.2018518518518517
3.657037037037037
3.4144444444444444
3.3716666666666666
3.120185185185185
3.2603703703703704
3.1637037037037037
3.3518518518518516
3.0348148148148146
3.170925925925926
3.2044444444444444
3.0833333333333335
3.5477777777777777
3.7325925925925927
2.9474074074074075
3.0837037037037036
3.173703703703704
3.790925925925926
3.0335185185185187
3.218888888888889
2.890925925925926
3.9375925925925928
3.3938888888888887
3.3698148148148146
3.149074074074074
3.287777777777778
3.629259259259259
3.399074074074074
3.033333333333333
3.385925925925926
3.352962962962963
3.194259259259259
3.1964814814814817
3.197037037037037
3.3914814814814815
3.155
3.4266666666666667
2.854814814814815
3.678148148148148
3.4424074074074076
3.137777777777778
3.245185185185185
2.8161111111111112
3.2535185185185185
3.197962962962963
3.4251851851851853
3.3207407407407405
3.2464814814814815
3.1424074074074073
2.933333333333333
3.4614814814814814
3.314814814814815
3.3001851851851853
3.1094444444444442
3.082037037037037
3.1666666666666665
3.353148148148148
2.935185185185185
2.9435185185185184
3.261851851851852
3.4877777777777776
2.8487037037037037
3.046111111111111
3.33462962962963
2.6455555555555557
3.269814814814815
4.017407407407408
2.901111111111111
3.463888888888889
2.9944444444444445
3.3164814814814814
3.3518518518518516
2.9816666666666665
3.055740740740741
3.038148148148148
3.2585185185185184
3.3055555555555554
2.8603703703703705
2.8577777777777778
2.686111111111111
3.242777777777778
3.2537037037037035
2.964074074074074
2.9142592592592593
2.867777777777778
2.9633333333333334
3.0374074074074073
3.5838888888888887
2.9646296296296297
3.0755555555555554
2.5535185185185183
2.9672222222222224
2.6331481481481482
3.3364814814814814
3.28
3.0590740740740743
3.244074074074074
3.4637037037037035
2.8872222222222224
3.375185185185185
2.9587037037037036
2.9448148148148148
2.992037037037037
2.9340740740740743
3.008888888888889
2.707777777777778
3.5205555555555557
2.870185185185185
2.9472222222222224
2.9285185185185183
3.0122222222222224
3.222962962962963
3.0166666666666666
2.906296296296296
3.06462962962963
2.726111111111111
2.9657407407407406
3.1992592592592595
3.0174074074074073
3.0433333333333334
2.730185185185185
2.9755555555555557
2.901666666666667
2.7468518518518517
2.7403703703703703
3.1985185185185183
3.2964814814814813
2.4653703703703704
2.942222222222222
2.823148148148148
2.9496296296296296
2.77462962962963
2.852592592592593
2.5642592592592592
2.725740740740741
2.908888888888889
3.075
2.7625925925925925
2.9724074074074074
2.8464814814814816
2.9364814814814815
2.7825925925925925
2.8835185185185184
3.102037037037037
3.2037037037037037
2.8075925925925924
3.1442592592592593
2.6748148148148148
2.8048148148148146
2.9314814814814816
3.2933333333333334
2.7707407407407407
2.6792592592592595
2.8581481481481483
2.8922222222222222
3.1305555555555555
3.1464814814814814
2.5975925925925925
2.8787037037037035
3.0661111111111112
2.6405555555555558
2.815185185185185
2.835185185185185
3.015185185185185
2.949074074074074
3.1744444444444446
2.649259259259259
2.6277777777777778
2.838888888888889
2.819074074074074
2.9611111111111112
2.8674074074074074
3.0183333333333335
2.9314814814814816
2.6166666666666667
2.892037037037037
2.6935185185185184
2.5568518518518517
2.656296296296296
2.6283333333333334
2.7075925925925928
2.7137037037037035
2.6735185185185184
3.1894444444444443
2.856851851851852
2.796111111111111
3.270185185185185
2.7664814814814815
2.920185185185185
2.823888888888889
3.0953703703703703
2.8248148148148147
2.905740740740741
2.862962962962963
2.875185185185185
2.823888888888889
3.173703703703704
2.6655555555555557
2.6324074074074075
2.975740740740741
2.5548148148148146
2.622037037037037
3.3866666666666667
2.70537037037037
2.4583333333333335
2.4883333333333333
2.746111111111111
2.823148148148148
3.0074074074074075
2.7331481481481483
2.7103703703703705
2.9918518518518518
2.4985185185185186
3.0968518518518517
2.4137037037037037
2.6794444444444445
2.631111111111111
3.2
2.5596296296296295
2.735925925925926
3.231851851851852
2.4994444444444444
2.745
2.968703703703704
2.72962962962963
2.5566666666666666
2.823888888888889
2.6838888888888888
2.723148148148148
2.7327777777777778
2.760925925925926
2.7853703703703703
2.9246296296296297
2.8924074074074073
2.863703703703704
2.7537037037037035
2.888888888888889
2.804074074074074
2.7637037037037038
3.1127777777777776
2.5707407407407405
2.6644444444444444
2.854074074074074
2.5096296296296297
2.9294444444444445
2.5003703703703706
2.6262962962962964
2.9694444444444446
3.0685185185185184
2.6724074074074076
2.6148148148148147
2.5314814814814817
3.0064814814814813
2.8335185185185185
2.8001851851851853
2.6748148148148148
2.8051851851851852
2.3124074074074072
2.645
2.6974074074074075
2.522222222222222
2.4303703703703703
2.4235185185185184
2.754814814814815
2.9520370370370372
2.317222222222222
2.722777777777778
2.401666666666667
2.866296296296296
2.611851851851852
3.007222222222222
2.660740740740741
2.747777777777778
2.520185185185185
2.5707407407407405
2.719074074074074
2.580925925925926
2.448148148148148
2.521851851851852
2.491111111111111
2.573888888888889
2.8088888888888888
2.6977777777777776
2.464074074074074
2.513148148148148
2.868888888888889
2.7309259259259258
2.529259259259259
2.506666666666667
2.792962962962963
2.7146296296296297
3.296851851851852
2.628888888888889
2.5064814814814813
2.558148148148148
2.364074074074074
2.7711111111111113
2.677962962962963
2.757222222222222
2.547222222222222
2.9492592592592595
2.4794444444444443
2.657962962962963
2.841666666666667
2.3666666666666667
2.7525925925925927
2.4625925925925927
2.6101851851851854
2.4375925925925928
2.688148148148148
2.527037037037037
2.648888888888889
2.488703703703704
2.587037037037037
2.4255555555555555
2.6125925925925926
2.6114814814814813
2.5316666666666667
2.452962962962963
2.657962962962963
2.5114814814814816
2.531851851851852
2.8142592592592592
2.595740740740741
2.9203703703703705
2.5137037037037038
2.693888888888889
2.862037037037037
2.222962962962963
2.6055555555555556
2.497962962962963
2.6766666666666667
2.653703703703704
2.587222222222222
2.359259259259259
2.5546296296296296
2.394814814814815
2.3366666666666664
2.407037037037037
2.293148148148148
2.2892592592592593
2.4768518518518516
2.6053703703703706
2.704814814814815
2.7446296296296295
2.598148148148148
2.592962962962963
2.3207407407407405
2.7509259259259258
2.372592592592593
2.2416666666666667
2.954074074074074
2.4305555555555554
2.46
2.6525925925925926
2.6312962962962962
2.4055555555555554
2.4114814814814816
2.6392592592592594
2.1412962962962965
2.6640740740740743
2.3464814814814816
2.6244444444444444
2.4966666666666666
2.138148148148148
2.2672222222222222
2.458148148148148
2.743148148148148
2.453148148148148
2.705925925925926
2.1042592592592593
2.2305555555555556
2.510925925925926
2.704074074074074
2.5192592592592593
2.4064814814814817
2.6305555555555555
2.3407407407407406
2.2235185185185187
2.352962962962963
2.3359259259259257
2.4162962962962964
2.6105555555555555
2.3553703703703706
2.5214814814814814
2.7266666666666666
2.2777777777777777
2.3068518518518517
2.668888888888889
2.8137037037037036
2.581111111111111
2.460185185185185
