-28622.0
-22965.0
-33355.0
-32251.0
-30350.0
-21676.0
-30341.0
-29573.0
-28064.0
-22508.0
-30016.0
-37950.0
-43034.0
-24441.0
-32499.0
-27212.0
-31697.0
-31889.0
-21033.0
-23330.0
-25145.0
-19638.0
-37963.0
-30684.0
-22677.0
-19901.0
-18110.0
-25385.0
-23978.0
-21062.0
-17092.0
-36445.0
-25998.0
-30063.0
-19441.0
-31278.0
-21149.0
-21676.0
-21160.0
-33285.0
-23519.0
-28281.0
-33120.0
-19192.0
-33759.0
-29482.0
-23180.0
-29673.0
-24689.0
-23419.0
-17830.0
-23143.0
-17981.0
-34820.0
-25317.0
-23102.0
-18397.0
-23230.0
-17458.0
-28015.0
-35124.0
-22258.0
-25301.0
-21692.0
-17657.0
-31996.0
-20323.0
-23036.0
-25478.0
-19352.0
-20761.0
-31059.0
-34551.0
-25970.0
-19307.0
-28551.0
-26311.0
-27092.0
-24909.0
-15495.0
-18929.0
-23825.0
-24380.0
-22285.0
-19391.0
-36632.0
-18447.0
-20366.0
-23656.0
-27199.0
-19012.0
-22492.0
-21084.0
-22165.0
-19346.0
-29786.0
-21652.0
-19947.0
-21250.0
-23884.0
-19957.0
-19383.0
-15337.0
-32194.0
-21051.0
-23436.0
-22192.0
-18228.0
-20074.0
-20582.0
-21736.0
-21839.0
-29355.0
-16937.0
-27220.0
-25778.0
-20262.0
-18422.0
-26448.0
-18235.0
-18066.0
-18899.0
-24336.0
-18614.0
-15534.0
-20424.0
-21299.0
-21637.0
-29017.0
-18475.0
-23690.0
-21066.0
-18639.0
-17026.0
-19147.0
-20105.0
-19471.0
-16931.0
-26875.0
-21955.0
-17986.0
-20136.0
-24688.0
-23262.0
-17396.0
-19384.0
-27489.0
-17746.0
-17885.0
-20769.0
-14266.0
-16432.0
-16940.0
-15632.0
-22480.0
-30721.0
-22106.0
-23647.0
-18324.0
-20016.0
-19204.0
-17455.0
-14450.0
-16018.0
-14283.0
-19700.0
-17145.0
-17020.0
-20055.0
-20024.0
-20854.0
-20312.0
-18819.0
-27489.0
-20224.0
-15248.0
-18368.0
-14567.0
-18237.0
-19596.0
-26795.0
-16073.0
-33564.0
-19521.0
-20166.0
-18444.0
-20311.0
-19041.0
-19241.0
-21842.0
-19369.0
-15626.0
-18224.0
-16145.0
-15650.0
-15820.0
-17945.0
-19670.0
-18586.0
-12664.0
-22312.0
-14932.0
-24238.0
-19383.0
-21887.0
-17523.0
-17720.0
-14318.0
-17732.0
-15678.0
-21459.0
-16014.0
-13094.0
-19417.0
-22755.0
-17008.0
-17667.0
-14660.0
-18748.0
-18406.0
-16250.0
-19618.0
-15772.0
-20303.0
-14679.0
-14638.0
-18826.0
-17071.0
-14164.0
-13063.0
-12769.0
-14821.0
-15679.0
-17617.0
-19123.0
-21117.0
-15377.0
-16117.0
-16918.0
-11098.0
-12740.0
-14439.0
-19869.0
-18173.0
-16300.0
-16439.0
-15697.0
-15708.0
-15383.0
-14144.0
-14505.0
-13360.0
-15613.0
-18109.0
-17068.0
-15518.0
-22295.0
-17889.0
-15276.0
-14040.0
-13414.0
-15587.0
-13923.0
-14259.0
-17187.0
-15320.0
-12329.0
-11133.0
-13393.0
-18151.0
-14620.0
-18618.0
-14097.0
-20105.0
-12046.0
-16556.0
-14903.0
-14271.0
-12497.0
-16527.0
-16612.0
-12969.0
-13680.0
-13634.0
-16283.0
-14339.0
-16835.0
-11742.0
-13061.0
-13167.0
-15423.0
-17738.0
-13763.0
-15337.0
-19065.0
-15968.0
-14793.0
-13637.0
-17340.0
-17932.0
-13108.0
-11706.0
-18048.0
-16358.0
-13741.0
-12082.0
-18196.0
-14237.0
-17225.0
-14113.0
-14583.0
-15444.0
-10932.0
-11631.0
-13752.0
-13373.0
-13685.0
-12970.0
-12566.0
-10705.0
-15712.0
-13120.0
-13934.0
-13396.0
-12640.0
-12599.0
-15893.0
-11255.0
-12824.0
-14923.0
-11312.0
-13175.0
-11760.0
-13982.0
-14519.0
-13733.0
-14512.0
-12618.0
-14590.0
-13618.0
-12454.0
-11980.0
-14146.0
-12921.0
-12266.0
-12973.0
-14558.0
-12763.0
-13154.0
-12228.0
-11224.0
-14675.0
-12451.0
-12542.0
-14196.0
-12147.0
-13100.0
-12643.0
-12932.0
-11275.0
-13690.0
-12291.0
-12214.0
-11948.0
-14464.0
-13077.0
-10688.0
-12290.0
-11827.0
-13221.0
-11002.0
-11588.0
-15377.0
-9305.0
-11175.0
-11675.0
-14356.0
-14623.0
-11834.0
-12931.0
-11902.0
-11424.0
-12029.0
-11692.0
-10513.0
-12388.0
-12526.0
-11815.0
-12793.0
-11696.0
-12942.0
-10394.0
-11067.0
-12963.0
-11866.0
-12811.0
-12356.0
-11610.0
-11265.0
-11671.0
-11866.0
-11889.0
-12547.0
-14376.0
-13698.0
-12967.0
-11110.0
-11488.0
-13907.0
-12697.0
-10365.0
-11459.0
-10103.0
-14554.0
-15390.0
-12916.0
-12377.0
-11279.0
-11214.0
-10574.0
-12143.0
-11469.0
-14852.0
-11958.0
-10234.0
-9723.0
-11083.0
-12306.0
-11025.0
-11640.0
-10043.0
-10094.0
-10349.0
-10087.0
-11921.0
-13511.0
-9586.0
-11625.0
-12108.0
-8873.0
-10406.0
-13906.0
-11795.0
-11043.0
-12739.0
-10773.0
-11264.0
-9668.0
-12802.0
-9652.0
-11458.0
-11624.0
-10940.0
-11370.0
-12385.0
-10996.0
-11418.0
-13028.0
-10820.0
-12162.0
-9534.0
-10855.0
-11080.0
-9269.0
-13084.0
-9681.0
-11126.0
-10797.0
-12526.0
-12883.0
-11568.0
-11177.0
-9297.0
-9532.0
-11173.0
-11531.0
-11703.0
-9872.0
-9979.0
-12021.0
-9258.0
-9405.0
-8868.0
-10329.0
-9602.0
-12037.0
-10281.0
-11592.0
-9828.0
-10768.0
-11496.0
-10099.0
-9315.0
-7995.0
-9471.0
-11218.0
-9732.0
-10638.0
-8847.0
-9973.0
-9352.0
-9547.0
-10519.0
-8487.0
-9509.0
-9816.0
-13864.0
-10137.0
-8940.0
-9311.0
-10203.0
-9054.0
-9566.0
-10137.0
-9145.0
-10890.0
-9700.0
-13454.0
-9704.0
-12787.0
-9746.0
-11196.0
-11156.0
-11240.0
-9657.0
-9878.0
-10407.0
-11517.0
-10505.0
-10160.0
-10365.0
-7896.0
-10823.0
-8123.0
-8885.0
-9813.0
-10676.0
-9455.0
-12429.0
-8620.0
-8113.0
-10394.0
-9605.0
-8958.0
-7341.0
-9939.0
-8883.0
-10226.0
-9750.0
-8364.0
-9033.0
-9058.0
-10325.0
-8831.0
-7911.0
-10078.0
-10050.0
-7889.0
-9369.0
-9097.0
-10456.0
-8336.0
-10719.0
-10093.0
-8938.0
-10414.0
-7895.0
-9228.0
-7666.0
-8140.0
-8590.0
-8575.0
-10477.0
-7740.0
-11751.0
-8640.0
-10165.0
-9389.0
-7635.0
-8209.0
-7658.0
-10655.0
-9366.0
-7629.0
-9545.0
-9666.0
-9958.0
-10255.0
-10503.0
-9005.0
-7749.0
-8805.0
-9451.0
-8561.0
-7820.0
-9311.0
-8969.0
-8969.0
-8023.0
-8521.0
-7381.0
-9072.0
-8380.0
-8553.0
-8720.0
-7347.0
-8987.0
-7250.0
-8568.0
-10054.0
-8094.0
-9142.0
-8199.0
-9117.0
-7750.0
-8918.0
-7491.0
-8530.0
-8307.0
-8296.0
-9466.0
-10067.0
-7025.0
-7935.0
-8233.0
-9618.0
-7448.0
-7933.0
-7362.0
-10897.0
-9466.0
-9027.0
-7898.0
-8494.0
-10264.0
-9283.0
-7591.0
-8495.0
-8307.0
-8258.0
-8556.0
-8251.0
-7617.0
-8375.0
-8305.0
-6823.0
-9573.0
-8769.0
-8442.0
-8556.0
-6997.0
-8528.0
-7991.0
-9244.0
-8874.0
-7815.0
-8689.0
-7752.0
-9290.0
-8354.0
-8719.0
-8153.0
-8123.0
-8026.0
-8489.0
-7240.0
-6892.0
-7979.0
-9270.0
-6570.0
-7317.0
-7957.0
-6440.0
-8497.0
-10329.0
-7450.0
-8507.0
-7814.0
-8780.0
-7486.0
-7356.0
-7401.0
-8133.0
-6939.0
-7980.0
-6773.0
-7142.0
-6666.0
-7789.0
-8775.0
-6961.0
-7163.0
-7556.0
-7037.0
-7124.0
-10189.0
-6341.0
-7109.0
-6261.0
-6878.0
-6177.0
-8688.0
-8545.0
-7578.0
-8608.0
-7765.0
-6949.0
-8372.0
-7090.0
-7349.0
-6640.0
-7308.0
-7611.0
-6189.0
-8524.0
-6268.0
-7257.0
-7208.0
-8029.0
-8138.0
-7066.0
-7307.0
-7659.0
-6433.0
-7268.0
-7528.0
-7090.0
-7035.0
-6121.0
-7183.0
-6949.0
-6952.0
-5966.0
-7869.0
-8661.0
-5900.0
-7053.0
-6140.0
-7521.0
-6461.0
-7116.0
-6004.0
-6169.0
-6509.0
-7751.0
-7018.0
-6861.0
-5441.0
-7542.0
-6662.0
-7036.0
-7703.0
-7938.0
-6190.0
-7496.0
-6408.0
-6527.0
-7576.0
-8090.0
-6388.0
-6322.0
-6577.0
-6926.0
-8014.0
-7934.0
-6103.0
-7199.0
-6712.0
-6065.0
-6666.0
-6733.0
-7655.0
-7302.0
-7871.0
-6083.0
-6578.0
-6942.0
-6565.0
-7160.0
-6199.0
-7504.0
-7160.0
-6022.0
-7241.0
-6482.0
-5793.0
-6040.0
-6267.0
-5910.0
-6480.0
-6365.0
-8521.0
-6350.0
-6272.0
-8570.0
-6313.0
-6774.0
-5918.0
-7769.0
-6948.0
-6712.0
-6700.0
-6509.0
-6748.0
-8313.0
-6015.0
-5854.0
-7821.0
-5682.0
-6189.0
-8475.0
-5808.0
-5529.0
-5826.0
-5824.0
-6751.0
-7089.0
-6328.0
-6452.0
-6529.0
-6133.0
-8279.0
-5217.0
-6508.0
-5909.0
-7855.0
-6260.0
-6586.0
-7656.0
-5612.0
-6369.0
-6931.0
-6116.0
-5636.0
-6565.0
-6117.0
-6612.0
-5981.0
-6612.0
-6182.0
-5785.0
-6801.0
-6365.0
-6428.0
-6969.0
-6291.0
-6715.0
-6081.0
-6400.0
-5915.0
-6869.0
-5141.0
-6996.0
-5670.0
-6370.0
-6942.0
-7325.0
-6516.0
-5802.0
-5519.0
-6943.0
-7160.0
-5647.0
-5077.0
-6719.0
-4644.0
-6023.0
-6407.0
-5317.0
-5205.0
-4804.0
-6132.0
-6974.0
-4718.0
-5766.0
-5277.0
-5222.0
-5828.0
-6457.0
-6147.0
-6500.0
-5207.0
-5787.0
-6634.0
-6052.0
-5359.0
-6131.0
-5796.0
-5783.0
-6469.0
-6327.0
-5944.0
-6021.0
-6423.0
-6102.0
-5322.0
-5474.0
-6576.0
-6253.0
-7358.0
-6127.0
-5099.0
-5614.0
-5508.0
-6564.0
-6165.0
-6407.0
-5377.0
-6986.0
-5409.0
-5890.0
-6796.0
-4710.0
-5347.0
-4959.0
-5689.0
-4738.0
-5955.0
-5525.0
-5384.0
-5624.0
-5678.0
-4901.0
-5956.0
-5714.0
-5388.0
-5622.0
-5059.0
-5411.0
-5894.0
-6129.0
-5294.0
-6631.0
-5440.0
-6500.0
-6103.0
-4706.0
-6218.0
-5443.0
-6216.0
-5470.0
-5162.0
-4651.0
-6168.0
-5652.0
-5039.0
-5148.0
-5348.0
-4705.0
-5341.0
-5480.0
-5408.0
-5795.0
-4960.0
-5771.0
-4735.0
-5200.0
-4591.0
-4535.0
-7403.0
-5184.0
-4748.0
-5877.0
-5243.0
-5101.0
-4969.0
-5618.0
-4467.0
-5799.0
-5107.0
-5367.0
-5395.0
-4216.0
-4881.0
-5527.0
-5206.0
-5787.0
-5946.0
-3961.0
-4665.0
-5405.0
-5238.0
-5479.0
-5184.0
-5448.0
-5019.0
-4588.0
-5120.0
-4789.0
-4943.0
-5749.0
-4722.0
-5509.0
-4900.0
-4646.0
-4711.0
-5611.0
-5011.0
-5432.0
-4908.0
