5.892962962962963
7.5287037037037035
10.641111111111112
8.257962962962964
4.656481481481482
6.080925925925926
6.44537037037037
7.776851851851852
8.425740740740741
5.230555555555555
5.816666666666666
5.513148148148148
5.9255555555555555
5.136851851851852
5.347962962962963
5.005925925925926
6.354444444444445
4.696296296296296
5.238703703703703
4.676851851851852
5.057037037037037
5.541111111111111
4.635370370370371
5.112037037037037
4.119259259259259
4.140185185185185
4.557592592592592
4.352777777777778
4.356481481481482
3.675
4.294814814814814
3.6603703703703703
4.009814814814815
4.267777777777778
3.7557407407407406
4.893703703703704
4.155925925925926
3.988148148148148
3.7622222222222224
3.8755555555555556
3.58462962962963
3.241296296296296
3.935925925925926
3.508888888888889
3.3961111111111113
3.5244444444444443
3.75
3.4916666666666667
3.626851851851852
3.506111111111111
3.419074074074074
3.680740740740741
3.1842592592592593
3.4674074074074075
3.700740740740741
3.104814814814815
4.178333333333334
2.9918518518518518
3.739074074074074
3.6312962962962962
3.602777777777778
3.395185185185185
2.843703703703704
3.0903703703703704
3.127962962962963
2.8812962962962962
3.061851851851852
2.4105555555555553
2.68962962962963
2.7853703703703703
2.962037037037037
2.632962962962963
2.3696296296296295
2.92
2.6529629629629627
2.7094444444444443
2.596296296296296
2.651851851851852
2.517777777777778
2.5037037037037035
2.954814814814815
2.2062962962962964
2.3966666666666665
2.705740740740741
2.4312962962962965
2.7764814814814813
2.694074074074074
2.5694444444444446
2.664814814814815
2.214814814814815
2.5264814814814813
2.5664814814814814
2.2614814814814816
2.330740740740741
2.162037037037037
2.0262962962962963
2.3451851851851853
2.4685185185185183
2.600740740740741
2.223888888888889
