31822
40655
57462
44593
25145
32837
34805
41995
45499
28245
31410
29771
31998
27739
28879
27032
34314
25360
28289
25255
27308
29922
25031
27605
22244
22357
24611
23505
23525
19845
23192
19766
21653
23046
20281
26426
22442
21536
20316
20928
19357
17503
21254
18948
18339
19032
20250
18855
19585
18933
18463
19876
17195
18724
19984
16766
22563
16156
20191
19609
19455
18334
15356
16688
16891
15559
16534
13017
14524
15041
15995
14218
12796
15768
14326
14631
14020
14320
13596
13520
15956
11914
12942
14611
13129
14993
14548
13875
14390
11960
13643
13859
12212
12586
11675
10942
12664
13330
14044
12009
