-19841.0
-27223.0
-40062.0
-31145.0
-14972.0
-21533.0
-22941.0
-29033.0
-30523.0
-17251.0
-20176.0
-19147.0
-20502.0
-16851.0
-16852.0
-15837.0
-22443.0
-15041.0
-17843.0
-14905.0
-16540.0
-18229.0
-12539.0
-16859.0
-12252.0
-12323.0
-13682.0
-13158.0
-13329.0
-10383.0
-12430.0
-9755.0
-11770.0
-13192.0
-10472.0
-14654.0
-11355.0
-12950.0
-10979.0
-10040.0
-9925.0
-8069.0
-11948.0
-9256.0
-9518.0
-9295.0
-10244.0
-9597.0
-9378.0
-9845.0
-8943.0
-10381.0
-8677.0
-8268.0
-8857.0
-7374.0
-10799.0
-7010.0
-10079.0
-9957.0
-8752.0
-8661.0
-6696.0
-8456.0
-7932.0
-6866.0
-7525.0
-5673.0
-6438.0
-6199.0
-6854.0
-6202.0
-4722.0
-6578.0
-6323.0
-6575.0
-5216.0
-6054.0
-5199.0
-5129.0
-5800.0
-4333.0
-4720.0
-5991.0
-4925.0
-5067.0
-5087.0
-4858.0
-5978.0
-4687.0
-5011.0
-4804.0
-4273.0
-4437.0
-4075.0
-4036.0
-4088.0
-4448.0
-4222.0
-4615.0
