-31148.0
-28809.0
-55316.0
-26326.0
-26136.0
-31187.0
-32221.0
-25440.0
-25928.0
-24859.0
-30225.0
-24378.0
-22599.0
-20392.0
-23834.0
-55983.0
-27431.0
-31869.0
-19335.0
-39281.0
-30320.0
-29435.0
-25416.0
-21388.0
-34350.0
-22117.0
-25287.0
-25612.0
-23857.0
-30035.0
-30339.0
-23205.0
-31242.0
-24626.0
-24516.0
-35070.0
-24023.0
-21609.0
-22644.0
-20957.0
-21219.0
-21580.0
-26880.0
-36191.0
-25739.0
-22399.0
-31181.0
-21109.0
-29965.0
-23726.0
-25596.0
-27050.0
-25565.0
-27805.0
-30229.0
-21656.0
-21744.0
-27108.0
-28436.0
-36093.0
-25066.0
-23862.0
-20737.0
-31342.0
-25862.0
-16642.0
-22330.0
-28913.0
-41664.0
-27797.0
-27435.0
-21335.0
-21062.0
-23900.0
-19712.0
-28187.0
-23474.0
-24155.0
-22260.0
-20752.0
-33484.0
-17504.0
-25744.0
-22234.0
-18948.0
-26002.0
-25023.0
-18417.0
-24623.0
-27066.0
-16642.0
-18715.0
-19348.0
-29035.0
-19980.0
-29550.0
-27618.0
-29119.0
-19115.0
-27014.0
-18682.0
-23906.0
-21572.0
-22190.0
-18851.0
-23555.0
-20988.0
-20854.0
-20801.0
-28246.0
-19075.0
-16544.0
-19199.0
-20425.0
-24260.0
-18837.0
-26171.0
-19598.0
-21100.0
-18615.0
-22754.0
-23642.0
-20157.0
-25454.0
-18765.0
-19635.0
-17433.0
-20252.0
-22120.0
-18050.0
-23377.0
-22482.0
-23425.0
-20713.0
-16469.0
-22483.0
-23544.0
-29063.0
-22537.0
-18832.0
-15126.0
-24975.0
-14963.0
-15505.0
-16794.0
-21610.0
-14656.0
-17617.0
-24528.0
-18619.0
-19619.0
-32328.0
-23220.0
-20123.0
-20868.0
-18531.0
-22096.0
-25163.0
-21438.0
-24604.0
-21052.0
-16160.0
-15531.0
-19761.0
-24413.0
-17670.0
-17115.0
-18295.0
-15883.0
-17841.0
-23476.0
-14805.0
-17473.0
-20793.0
-17022.0
-19939.0
-17163.0
-16957.0
-25138.0
-17428.0
-18952.0
-21465.0
-14717.0
-17035.0
-15917.0
-16912.0
-22597.0
-19478.0
-14252.0
-16283.0
-14580.0
-17660.0
-18842.0
-15898.0
-19626.0
-19862.0
-17454.0
-20519.0
-20822.0
-16666.0
-14793.0
-16865.0
-18675.0
-16487.0
-17223.0
-20148.0
-22565.0
-20604.0
-23033.0
-16543.0
-18203.0
-19548.0
-16766.0
-15262.0
-20179.0
-17044.0
-17610.0
-18091.0
-15092.0
-15255.0
-14120.0
-17143.0
-17869.0
-21672.0
-14901.0
-18528.0
-15251.0
-14693.0
-16276.0
-15661.0
-14139.0
-18646.0
-17062.0
-14817.0
-16182.0
-16553.0
-18252.0
-17235.0
-20193.0
-18389.0
-17473.0
-22989.0
-17064.0
-17784.0
-24686.0
-16805.0
-16194.0
-15939.0
-18365.0
-14728.0
-12805.0
-18632.0
-16784.0
-16829.0
-22056.0
-19731.0
-15249.0
-19570.0
-14543.0
-19900.0
-15542.0
-17982.0
-16343.0
-12696.0
-17803.0
-14226.0
-13071.0
-16930.0
-18894.0
-18542.0
-16563.0
-16459.0
-21436.0
-19647.0
-16653.0
-16031.0
-14351.0
-14182.0
-20290.0
-15425.0
-18593.0
-14421.0
-17806.0
-17943.0
-14473.0
-13972.0
-19281.0
-15160.0
-14564.0
-17642.0
-12994.0
-16240.0
-14558.0
-15346.0
-19955.0
-15808.0
-13549.0
-17227.0
-12719.0
-14016.0
-14427.0
-25682.0
-20039.0
-16328.0
-17969.0
-19605.0
-19230.0
-21600.0
-16190.0
-17394.0
-16004.0
-12970.0
-16778.0
-19294.0
-18858.0
-17697.0
-13446.0
-16106.0
-16457.0
-17628.0
-15087.0
-21832.0
-14098.0
-17198.0
-16396.0
-14544.0
-19735.0
-28862.0
-29273.0
-72991.0
-56519.0
-21009.0
-11613.0
-35074.0
-39518.0
-16475.0
-22732.0
-18847.0
-15346.0
-15502.0
-16567.0
-15104.0
-17003.0
-13901.0
-13328.0
-21012.0
-14105.0
-46111.0
-13297.0
-17671.0
-16026.0
-15371.0
-13678.0
-21435.0
-13770.0
-15511.0
-13929.0
-16634.0
-14286.0
-14576.0
-15217.0
-14617.0
-17419.0
-15500.0
-14427.0
-20535.0
-51535.0
-20215.0
-13221.0
-16156.0
-34982.0
-19600.0
-19925.0
-25458.0
-16255.0
-25699.0
-53618.0
-23965.0
-12099.0
-14612.0
-13850.0
-21196.0
-19877.0
-19190.0
-30239.0
-21284.0
-15755.0
-15501.0
-23876.0
-15349.0
-18896.0
-32431.0
-16740.0
-24725.0
-20715.0
-23580.0
-18285.0
-89854.0
-130202.0
-24410.0
-126437.0
-37784.0
-20616.0
-29683.0
-49189.0
-18016.0
-15723.0
-17890.0
-25846.0
-15752.0
-24751.0
-17413.0
-19444.0
-22979.0
-22336.0
-16824.0
-14850.0
-25680.0
-14945.0
-15542.0
-20085.0
-15213.0
-16122.0
-17283.0
-15145.0
-16208.0
-26725.0
-16167.0
-16144.0
-15491.0
-36783.0
-19592.0
-31121.0
-14798.0
-14702.0
-20703.0
-37143.0
-17516.0
-55284.0
-22899.0
-22979.0
-21446.0
-20525.0
-28381.0
-15059.0
-27392.0
-18141.0
-17329.0
-19981.0
-23725.0
-27310.0
-28467.0
-17839.0
-15354.0
-17961.0
-26707.0
-23612.0
-52284.0
-22071.0
-89211.0
-22691.0
-14974.0
-16115.0
-23135.0
-17836.0
-19571.0
-23633.0
-25320.0
-26493.0
-60152.0
-18071.0
-25433.0
-49401.0
-20478.0
-17174.0
-33751.0
-24278.0
-22331.0
-16760.0
-26442.0
-14273.0
-17503.0
-13477.0
-41048.0
-14155.0
-19602.0
-16770.0
-20210.0
-19501.0
-26983.0
-16448.0
-22858.0
-24099.0
-109856.0
-27255.0
-44124.0
-23863.0
-27808.0
-25494.0
-32563.0
-22046.0
-23024.0
-29398.0
-28632.0
-18751.0
-27807.0
-16037.0
-18057.0
-13528.0
-27127.0
-15184.0
-26118.0
-23979.0
-26336.0
-35671.0
-15528.0
-25456.0
-26577.0
-21978.0
-24643.0
-28016.0
-28500.0
-20638.0
-32161.0
-13944.0
-23475.0
-23856.0
-20514.0
-33298.0
-24559.0
-28873.0
-21607.0
-23652.0
-27218.0
-21552.0
-16403.0
-23296.0
-32450.0
-24808.0
-44484.0
-13996.0
-17430.0
-18596.0
-24455.0
-19233.0
-21569.0
-29240.0
-27369.0
-28479.0
-26545.0
-29541.0
-24481.0
-29609.0
-28678.0
-20627.0
-26683.0
-19594.0
-21511.0
-26433.0
-29253.0
-28723.0
-31411.0
-25657.0
-40826.0
-31008.0
-23530.0
-28304.0
-29327.0
-22345.0
-19632.0
-20472.0
-26585.0
-34272.0
-41378.0
-35756.0
-31640.0
-20633.0
-23955.0
-22043.0
-50133.0
-26869.0
-16388.0
-28948.0
-36259.0
-23881.0
-30183.0
-45762.0
-27235.0
-33635.0
-26097.0
-31312.0
-32423.0
-22191.0
-22116.0
-32437.0
-28616.0
-30683.0
-28790.0
-24992.0
-30909.0
-30356.0
-30642.0
-23052.0
-46466.0
-30925.0
-44994.0
-41055.0
-24545.0
-27980.0
-36390.0
-29107.0
-26596.0
-29951.0
-23387.0
-39445.0
-22568.0
-39317.0
-31170.0
-87703.0
-28674.0
-33366.0
-32588.0
-39983.0
-30460.0
-28686.0
-34523.0
-32605.0
-32684.0
-143959.0
-53795.0
-42231.0
-26004.0
-27665.0
-27945.0
-25323.0
-23355.0
-54035.0
-52287.0
-29656.0
-22429.0
-22081.0
-27497.0
-52338.0
-24261.0
-21742.0
-29876.0
-23707.0
-33723.0
-40030.0
-33811.0
-27144.0
-33290.0
-22110.0
-26060.0
-20560.0
-43070.0
-27698.0
-25667.0
-41742.0
-24038.0
-20698.0
-28591.0
-24529.0
-30240.0
-30715.0
-28281.0
-25880.0
-29529.0
-20299.0
-35206.0
-23289.0
-22231.0
-28673.0
-31952.0
-48729.0
-28523.0
-25177.0
-20683.0
-42602.0
-31339.0
-26403.0
-26103.0
-15544.0
-35653.0
-22814.0
-38501.0
-28948.0
-36650.0
-47118.0
-57744.0
-32058.0
-26249.0
-26061.0
-30286.0
-31484.0
-26083.0
-57133.0
-45456.0
-29185.0
-38144.0
-43304.0
-30502.0
-41875.0
-27537.0
-26536.0
-186746.0
-44485.0
-215218.0
-25482.0
-114274.0
-46336.0
-29074.0
-37867.0
-38764.0
-43681.0
-38891.0
-38528.0
-42157.0
-44486.0
-46658.0
-59333.0
-53887.0
-30508.0
-63392.0
-36621.0
-33604.0
-34383.0
-41204.0
-31846.0
-35405.0
-47814.0
-42361.0
-55120.0
-45527.0
-56258.0
-41276.0
-55693.0
-50196.0
-127152.0
-100273.0
-577198.0
-226273.0
-101954.0
-42971.0
-56690.0
-214927.0
-242598.0
-42030.0
-63063.0
-61468.0
-59196.0
-45353.0
-118364.0
-285911.0
-182204.0
-44821.0
-626491.0
-165128.0
-136325.0
-188081.0
-130286.0
-28644.0
-415187.0
-42275.0
-116895.0
-52665.0
-41995.0
-107240.0
-88225.0
-101344.0
-472765.0
-238019.0
-728994.0
-57452.0
-62021.0
-128063.0
-65955.0
-97551.0
-37076.0
-37009.0
-42788.0
-46938.0
-42203.0
-70293.0
-54736.0
-532534.0
-88754.0
-130691.0
-93753.0
-715387.0
-303971.0
-148551.0
-288894.0
-126883.0
-393320.0
-209906.0
-66305.0
-245709.0
-305268.0
-43062.0
-528929.0
-484202.0
-415798.0
-313359.0
-102162.0
-170051.0
-1117257.0
-92197.0
-487518.0
-208603.0
-65087.0
-60315.0
-81542.0
-145286.0
-72361.0
-118641.0
-86126.0
-64555.0
-121654.0
-232889.0
-238390.0
-1021332.0
-611951.0
-123416.0
-299790.0
-125182.0
-64624.0
-90587.0
-159325.0
-110319.0
-103138.0
-176997.0
-357963.0
-152452.0
-140889.0
-116845.0
-638685.0
-167927.0
-146590.0
-921079.0
-195608.0
-267475.0
-885727.0
-240440.0
-861476.0
-422552.0
-553786.0
-702477.0
-152179.0
-278618.0
-469944.0
-326959.0
-203138.0
-344047.0
-525822.0
-743298.0
-507392.0
-159171.0
-555627.0
-917632.0
-743630.0
-697555.0
-584190.0
-336675.0
-892328.0
-158806.0
-661985.0
-307987.0
-200891.0
-358090.0
-210025.0
-433284.0
-272180.0
-309519.0
-93372.0
-66794.0
-145625.0
-90016.0
-138381.0
-243434.0
-122527.0
-110512.0
-206920.0
-233685.0
-277652.0
-608422.0
-599478.0
-167852.0
-104933.0
-224292.0
-147484.0
-110028.0
-152842.0
-751594.0
-137414.0
-1169111.0
-189740.0
-698976.0
-671402.0
-1060121.0
-1558035.0
-875847.0
-1053808.0
-278287.0
-1219216.0
-982066.0
-1089414.0
-759333.0
-389911.0
-768257.0
-1439503.0
-1310712.0
-830882.0
-1004389.0
-241762.0
-657017.0
-578679.0
-2155130.0
-1089632.0
-520208.0
-830922.0
-1156269.0
-628872.0
-519508.0
-671382.0
-582689.0
-1563731.0
-1588220.0
-1017301.0
-2053573.0
-1735078.0
-1652166.0
-900988.0
-971221.0
-470845.0
-733771.0
-626211.0
-722836.0
-648689.0
-1493853.0
-548448.0
-2659719.0
-656564.0
-390876.0
-1557099.0
-629282.0
-1015560.0
-1653809.0
-1316689.0
-1215606.0
-621315.0
-828372.0
-921561.0
-1628754.0
-709945.0
-1661767.0
-737388.0
-570889.0
-2539053.0
-775403.0
-1623500.0
-789708.0
-1856766.0
-738103.0
-1314977.0
-2670085.0
-658758.0
-837996.0
-842805.0
-1942137.0
-821981.0
-949969.0
-881538.0
-625558.0
-868633.0
-804599.0
-700447.0
-869122.0
-986690.0
-625178.0
-754803.0
-937998.0
-718014.0
-796015.0
-671972.0
-946422.0
-774147.0
-1853016.0
-723520.0
-913913.0
-919060.0
-728224.0
-792945.0
-1014061.0
-954068.0
-799961.0
-1021324.0
-891132.0
-918130.0
-880192.0
