46075
43612
73485
39091
38938
44853
46090
38544
39666
36399
42845
37023
34594
31342
36645
78027
39815
45897
30892
55491
43717
44332
39958
33719
46963
33706
36411
37411
36304
43002
42722
35763
45978
36884
37168
52213
37012
31863
34493
33769
32901
33103
39244
51270
37172
34527
44809
33819
43620
35638
38607
39858
38171
42244
45631
33147
35353
42329
42248
51779
39682
35834
31914
44374
39068
26847
34530
40867
57275
40128
38564
32151
32975
35444
30906
39438
35689
37025
34419
32505
52844
28433
38720
34106
30778
39548
39469
30680
36833
39408
27163
30576
31286
45925
30931
43695
40205
44619
32806
40158
29562
41611
33535
34216
30372
38878
31910
33569
33223
45371
30230
27116
29707
31512
38910
30100
39371
31173
33490
29381
34335
35670
31750
39412
29265
32071
28017
32704
36230
30256
36119
36614
35666
31744
26439
33600
37018
44158
34062
30996
27543
37397
25220
26410
29053
33832
24329
28600
37038
28376
30838
47139
35195
32374
33325
29727
32956
37458
32771
37253
35200
26933
26213
31473
35747
29116
27679
30237
26797
30237
35803
25603
29636
33801
27689
32089
28008
29950
40656
27866
32716
34721
25283
29947
27126
27311
35810
29916
24024
26447
24896
29536
30606
27431
30987
31069
28124
34059
33855
27677
24958
27880
29780
26364
31433
31969
37593
33526
34461
26730
29372
30234
27375
26190
33661
27923
27907
29511
25728
25632
24752
28407
29863
33430
27777
30493
27650
25573
26937
26502
23962
31028
27572
25352
26572
27643
30706
28069
31858
31197
28693
34410
27710
28689
38718
28159
26345
26800
30488
27176
23892
28840
27516
27754
34215
33181
27807
32923
24454
30575
26550
28944
28022
21748
28892
23686
23896
28338
30578
29813
27702
29314
32417
31836
26910
27161
26869
25047
30037
26281
32080
25302
29479
29980
25210
24357
31947
25748
25468
28953
23870
27194
26336
26898
31051
26538
23719
29283
22513
24911
26203
38403
32188
27281
29753
34622
34120
33864
27325
28764
27231
21744
29402
29954
31874
31484
24908
26134
26362
28739
26313
32974
24412
30237
27690
24913
31085
42508
42173
89574
71702
31883
21078
49319
52709
27625
33655
30145
26920
25711
27738
24351
28672
26991
22734
32471
23429
65542
23311
29725
26997
27631
26204
33474
26363
25540
24268
28103
24847
25066
26379
25146
28102
26139
26503
33192
69653
30468
25503
29440
47378
30170
32127
38180
27170
39986
68845
39112
21462
25529
23643
33923
31459
30090
43653
31864
25086
25180
35377
26293
29584
46816
26891
37426
31793
39677
29871
110975
159804
35533
151163
55027
31575
41141
72106
29184
25423
28551
37627
26142
39032
29690
31584
34987
34345
27241
24363
37970
24831
28340
30269
26030
29207
27517
25010
27147
38288
25721
26744
25284
60746
32154
45485
26173
24619
32912
51365
29500
68982
34325
34852
34855
31667
43283
24337
40442
29831
27868
32086
35746
40237
42494
29790
26565
29406
40502
35440
68480
33463
111388
34888
25957
26886
34098
30005
31214
36819
37460
38200
75773
30180
43375
68241
31167
28662
46813
37749
34332
27440
39365
24651
28783
23908
56068
23968
30076
27303
31892
30504
39055
26225
34501
37375
136080
39478
59304
37074
42325
37255
47595
34013
36275
42997
43027
28848
42841
26089
28237
22904
39767
23874
38143
36685
40244
50695
25977
36909
40137
34377
37317
41676
41232
31651
45793
23709
35580
35390
32940
48045
37041
42516
35052
37884
41103
33565
27395
36704
46482
36957
62182
23425
28357
30707
36304
29169
37098
43305
40847
40022
40930
44696
38774
42246
41836
31627
39476
30393
33002
38219
40788
41221
45256
37825
57031
44039
34863
42569
43402
33723
32385
31822
39574
48361
56614
49986
46103
31708
36802
32620
67249
39756
27383
42520
52042
35368
45110
60855
38487
51191
38398
45001
48118
33471
33645
46743
40882
43747
39868
37753
44469
44594
44262
34864
64863
44468
57982
59914
35908
40244
48583
44744
38564
40838
34598
56318
33776
55864
46481
118188
40552
47768
45990
57586
42304
42742
55567
46510
45276
198073
70214
57112
40819
41862
42095
39649
34728
70478
69734
43715
33788
35310
40434
69031
37665
35200
44667
39231
49538
54226
49033
40345
47727
34528
40281
31597
59145
41364
39752
60850
39207
31873
41755
36463
43301
46711
40705
38373
45924
34289
52228
35928
37755
41287
46143
67196
43351
40781
31726
60194
51984
39553
38586
24781
53269
36379
52506
43198
50180
67329
74348
45159
38836
39505
43731
46327
39098
77899
61599
41536
52596
62521
46109
57286
40739
40617
227321
59315
250254
36567
144876
66467
41660
51509
52973
61943
58664
54880
59465
58694
64159
75096
70382
43538
80335
50855
54306
50295
55118
47321
50916
70243
60686
71017
65134
75398
56404
72881
68733
154786
124369
641065
269556
131475
58366
75138
260079
275315
59354
85370
81090
74819
61424
138770
343889
224817
59953
689895
200800
168955
252163
167691
40405
491418
59130
137288
66758
59273
136397
109322
130515
521848
289171
785379
77040
78221
148384
87481
127551
52201
53203
56794
63649
56410
88417
70209
572973
115333
161632
122616
773840
348511
186598
343330
157483
440428
251407
82771
293692
357967
58073
602938
572754
457887
368299
127538
205279
1194040
114609
554969
244394
83557
77395
100983
166480
93701
142537
104160
79680
137788
265215
280534
1085448
678981
159912
351478
148579
81106
107399
200607
133785
128788
228190
419123
185408
185802
138674
714811
198303
178338
1011375
239641
309311
968558
274073
933790
483722
625703
817940
184254
331479
537618
372547
236535
396914
577133
838672
577200
183990
642835
989091
817897
787388
669554
396865
983220
184261
731221
372251
238357
404382
250189
497758
312244
353420
112632
82677
175948
108998
165321
267949
144397
130384
233943
256505
320553
677930
662270
185767
122939
264694
170299
129620
185274
836033
162989
1304249
211288
788015
748548
1175476
1742682
986000
1163754
315557
1320902
1079836
1206891
871161
465654
873461
1609714
1410258
939849
1145932
280010
742788
651645
2397156
1247098
588151
902072
1270977
722376
598591
747171
661092
1665848
1765868
1136741
2251956
1837215
1748573
986021
1071048
529682
812099
693364
816917
714273
1599077
627272
2863563
713674
454598
1635315
704365
1099100
1748110
1432202
1296593
700511
909145
991060
1691127
783899
1739277
784085
631494
2704894
855102
1686578
859964
1923747
794239
1390463
2805871
707567
904949
884250
1993559
889921
1018759
928610
683243
930818
863367
761634
916808
1075816
672820
802946
988077
773663
849265
718286
1003740
831224
1890652
766777
976955
972297
787916
826233
1061728
1004174
845286
1062569
931044
961192
933393
