8.532407407407407
8.076296296296297
13.608333333333333
7.239074074074074
7.210740740740741
8.306111111111111
8.535185185185185
7.137777777777778
7.345555555555555
6.740555555555556
7.934259259259259
6.856111111111111
6.406296296296296
5.804074074074074
6.786111111111111
14.449444444444444
7.3731481481481485
8.499444444444444
5.720740740740741
10.276111111111112
8.095740740740741
8.20962962962963
7.399629629629629
6.244259259259259
8.696851851851852
6.241851851851852
6.7427777777777775
6.927962962962963
6.722962962962963
7.963333333333333
7.911481481481482
6.622777777777777
8.514444444444445
6.83037037037037
6.882962962962963
9.669074074074073
6.854074074074074
5.900555555555556
6.3875925925925925
6.2535185185185185
6.092777777777778
6.130185185185185
7.267407407407408
9.494444444444444
6.883703703703704
6.393888888888889
8.297962962962963
6.262777777777778
8.077777777777778
6.5996296296296295
7.149444444444445
7.381111111111111
7.0687037037037035
7.822962962962963
8.450185185185186
6.138333333333334
6.5468518518518515
7.838703703703704
7.823703703703703
9.588703703703704
7.348518518518518
6.635925925925926
5.91
8.217407407407407
7.234814814814815
4.971666666666667
6.394444444444445
7.567962962962963
10.606481481481481
7.431111111111111
7.141481481481481
5.953888888888889
6.106481481481482
6.563703703703704
5.723333333333334
7.303333333333334
6.609074074074074
6.856481481481482
6.373888888888889
6.019444444444445
9.785925925925927
5.265370370370371
7.17037037037037
6.315925925925926
5.69962962962963
7.323703703703703
7.309074074074074
5.681481481481481
6.820925925925926
7.297777777777778
5.030185185185185
5.662222222222222
5.793703703703704
8.50462962962963
5.727962962962963
8.091666666666667
7.44537037037037
8.262777777777778
6.075185185185185
7.4366666666666665
5.474444444444444
7.70574074074074
6.2101851851851855
6.336296296296296
5.624444444444444
7.19962962962963
5.909259259259259
6.216481481481481
6.1524074074074075
8.402037037037037
5.598148148148148
5.021481481481482
5.501296296296296
5.835555555555556
7.205555555555556
5.574074074074074
7.290925925925926
5.772777777777778
6.201851851851852
5.440925925925926
6.358333333333333
6.605555555555555
5.87962962962963
7.298518518518518
5.419444444444444
5.939074074074074
5.1883333333333335
6.0562962962962965
6.70925925925926
5.602962962962963
6.688703703703704
6.78037037037037
6.604814814814815
5.8785185185185185
4.896111111111111
6.222222222222222
6.855185185185185
8.177407407407408
6.307777777777778
5.74
5.100555555555555
6.92537037037037
4.67037037037037
4.890740740740741
5.380185185185185
6.265185185185185
4.50537037037037
5.296296296296297
6.858888888888889
5.254814814814814
5.710740740740741
8.729444444444445
6.517592592592592
5.995185185185186
6.171296296296297
5.505
6.102962962962963
6.9366666666666665
6.0687037037037035
6.898703703703704
6.518518518518518
4.987592592592593
4.854259259259259
5.828333333333333
6.619814814814815
5.391851851851852
5.125740740740741
5.599444444444444
4.962407407407407
5.599444444444444
6.630185185185185
4.741296296296296
5.488148148148148
6.259444444444444
5.127592592592593
5.942407407407408
5.1866666666666665
5.546296296296297
7.528888888888889
5.16037037037037
6.058518518518518
6.429814814814815
4.682037037037037
5.545740740740741
5.023333333333333
5.057592592592592
6.631481481481481
5.54
4.448888888888889
4.897592592592592
4.6103703703703705
5.46962962962963
5.667777777777777
5.079814814814815
5.738333333333333
5.7535185185185185
5.208148148148148
6.307222222222222
6.269444444444445
5.12537037037037
4.621851851851852
5.162962962962963
5.514814814814815
4.8822222222222225
5.820925925925926
5.920185185185185
6.961666666666667
6.2085185185185185
6.381666666666667
4.95
5.439259259259259
5.598888888888889
5.069444444444445
4.85
6.233518518518519
5.170925925925926
5.167962962962963
5.465
4.764444444444444
4.746666666666667
4.583703703703704
5.260555555555555
5.530185185185185
6.190740740740741
5.143888888888889
5.646851851851852
5.12037037037037
4.735740740740741
4.988333333333333
4.907777777777778
4.437407407407408
5.745925925925926
5.105925925925926
4.694814814814815
4.920740740740741
5.119074074074074
5.686296296296296
5.197962962962963
5.899629629629629
5.777222222222222
5.313518518518518
6.372222222222222
5.131481481481481
5.312777777777778
7.17
5.21462962962963
4.878703703703704
4.962962962962963
5.645925925925926
5.032592592592593
4.424444444444444
5.340740740740741
5.095555555555555
5.1396296296296295
6.336111111111111
6.144629629629629
5.149444444444445
6.096851851851852
4.528518518518519
5.662037037037037
4.916666666666667
5.36
5.189259259259259
4.0274074074074075
5.350370370370371
4.386296296296297
4.425185185185185
5.247777777777777
5.662592592592593
5.520925925925926
5.13
5.428518518518518
6.003148148148148
5.895555555555555
4.983333333333333
5.029814814814815
4.975740740740741
4.638333333333334
5.562407407407408
4.866851851851852
5.940740740740741
4.685555555555555
5.459074074074074
5.551851851851852
4.6685185185185185
4.510555555555555
5.916111111111111
4.768148148148148
4.716296296296297
5.361666666666666
4.42037037037037
5.035925925925926
4.877037037037037
4.981111111111111
5.7501851851851855
4.914444444444444
4.392407407407408
5.422777777777778
4.169074074074074
4.613148148148148
4.852407407407408
7.111666666666666
5.960740740740741
5.052037037037037
5.509814814814815
6.411481481481482
6.318518518518519
6.271111111111111
5.060185185185185
5.326666666666667
5.042777777777777
4.026666666666666
5.444814814814815
5.547037037037037
5.902592592592592
5.83037037037037
4.612592592592593
4.83962962962963
4.881851851851851
5.322037037037037
4.872777777777777
6.106296296296296
4.520740740740741
5.599444444444444
5.127777777777778
4.613518518518519
5.756481481481481
7.871851851851852
7.809814814814815
16.587777777777777
13.278148148148148
5.904259259259259
3.9033333333333333
9.133148148148148
9.760925925925926
5.1157407407407405
6.232407407407408
5.582407407407407
4.985185185185185
4.761296296296297
5.136666666666667
4.509444444444444
5.3096296296296295
4.998333333333333
4.21
6.013148148148148
4.338703703703704
12.137407407407407
4.316851851851852
5.50462962962963
4.999444444444444
5.116851851851852
4.852592592592592
6.198888888888889
4.882037037037037
4.729629629629629
4.494074074074074
5.204259259259259
4.601296296296296
4.641851851851852
4.885
4.656666666666666
5.204074074074074
4.8405555555555555
4.907962962962963
6.1466666666666665
12.898703703703704
5.642222222222222
4.722777777777778
5.451851851851852
8.773703703703704
5.587037037037037
5.9494444444444445
7.07037037037037
5.031481481481482
7.404814814814815
12.749074074074073
7.242962962962963
3.9744444444444444
4.727592592592592
4.378333333333333
6.282037037037037
5.82574074074074
5.572222222222222
8.08388888888889
5.900740740740741
4.645555555555555
4.662962962962963
6.551296296296297
4.869074074074074
5.478518518518518
8.669629629629629
4.979814814814815
6.930740740740741
5.8875925925925925
7.3475925925925925
5.531666666666666
20.550925925925927
29.593333333333334
6.580185185185186
27.993148148148148
10.190185185185186
5.847222222222222
7.618703703703703
13.352962962962962
5.404444444444445
4.707962962962963
5.287222222222222
6.967962962962963
4.841111111111111
7.228148148148148
5.4981481481481485
5.848888888888889
6.479074074074074
6.360185185185185
5.04462962962963
4.511666666666667
7.031481481481482
4.598333333333334
5.2481481481481485
5.605370370370371
4.82037037037037
5.408703703703703
5.095740740740741
4.631481481481481
5.027222222222222
7.09037037037037
4.763148148148148
4.952592592592593
4.682222222222222
11.24925925925926
5.954444444444444
8.423148148148147
4.846851851851852
4.559074074074074
6.094814814814815
9.512037037037038
5.462962962962963
12.774444444444445
6.356481481481482
6.454074074074074
6.45462962962963
5.864259259259259
8.01537037037037
4.506851851851851
7.489259259259259
5.524259259259259
5.16074074074074
5.941851851851852
6.61962962962963
7.451296296296296
7.869259259259259
5.516666666666667
4.919444444444444
5.445555555555556
7.50037037037037
6.562962962962963
12.681481481481482
6.196851851851852
20.627407407407407
6.460740740740741
4.806851851851852
4.978888888888889
6.314444444444445
5.556481481481481
5.78037037037037
6.818333333333333
6.937037037037037
7.074074074074074
14.032037037037037
5.588888888888889
8.032407407407407
12.637222222222222
5.7716666666666665
5.307777777777778
8.669074074074073
6.990555555555556
6.357777777777778
5.0814814814814815
7.2898148148148145
4.565
5.330185185185186
4.427407407407407
10.382962962962964
4.438518518518518
5.569629629629629
5.056111111111111
5.905925925925926
5.648888888888889
7.232407407407408
4.856481481481482
6.389074074074074
6.921296296296297
25.2
7.310740740740741
10.982222222222223
6.865555555555556
7.837962962962963
6.899074074074074
8.813888888888888
6.298703703703704
6.717592592592593
7.962407407407407
7.967962962962963
5.342222222222222
7.933518518518518
4.831296296296296
5.229074074074074
4.241481481481482
7.364259259259259
4.421111111111111
7.063518518518518
6.7935185185185185
7.452592592592593
9.387962962962963
4.810555555555555
6.835
7.432777777777778
6.3661111111111115
6.910555555555556
7.717777777777778
7.635555555555555
5.861296296296296
8.480185185185185
4.390555555555555
6.588888888888889
6.553703703703704
6.1
8.897222222222222
6.859444444444445
7.873333333333333
6.4911111111111115
7.015555555555555
7.611666666666666
6.215740740740741
5.073148148148148
6.797037037037037
8.607777777777779
6.8438888888888885
11.515185185185185
4.337962962962963
5.251296296296296
5.686481481481482
6.722962962962963
5.401666666666666
6.87
8.019444444444444
7.564259259259259
7.411481481481482
7.57962962962963
8.277037037037037
7.180370370370371
7.823333333333333
7.747407407407407
5.856851851851852
7.310370370370371
5.628333333333333
6.111481481481482
7.077592592592593
7.553333333333334
7.633518518518518
8.380740740740741
7.00462962962963
10.561296296296296
8.15537037037037
6.456111111111111
7.883148148148148
8.037407407407407
6.245
5.997222222222222
5.892962962962963
7.328518518518519
8.95574074074074
10.484074074074075
9.256666666666666
8.537592592592592
5.871851851851852
6.815185185185185
6.04074074074074
12.453518518518518
7.362222222222222
5.070925925925926
7.874074074074074
9.637407407407407
6.54962962962963
8.353703703703705
11.269444444444444
7.127222222222223
9.479814814814814
7.110740740740741
8.333518518518519
8.91074074074074
6.198333333333333
6.230555555555555
8.65611111111111
7.5707407407407405
8.101296296296296
7.382962962962963
6.991296296296296
8.235
8.258148148148148
8.196666666666667
6.456296296296296
12.011666666666667
8.234814814814815
10.737407407407407
11.095185185185185
6.649629629629629
7.452592592592593
8.996851851851853
8.285925925925927
7.141481481481481
7.562592592592592
6.407037037037037
10.42925925925926
6.254814814814814
10.345185185185185
8.607592592592592
21.886666666666667
7.50962962962963
8.845925925925926
8.516666666666667
10.664074074074074
7.834074074074074
7.9151851851851855
10.290185185185186
8.612962962962962
8.384444444444444
36.68018518518519
13.002592592592592
10.576296296296297
7.559074074074074
7.752222222222223
7.79537037037037
7.342407407407407
6.431111111111111
13.051481481481481
12.913703703703703
8.09537037037037
6.257037037037037
6.538888888888889
7.487777777777778
12.783518518518518
6.975
6.518518518518518
8.271666666666667
7.265
9.173703703703703
10.041851851851852
9.080185185185185
7.4712962962962965
8.838333333333333
6.394074074074074
7.459444444444444
5.851296296296296
10.952777777777778
7.66
7.361481481481482
11.268518518518519
7.260555555555555
5.9024074074074075
7.732407407407408
6.752407407407407
8.018703703703704
8.650185185185185
7.537962962962963
7.106111111111111
8.504444444444445
6.349814814814815
9.671851851851851
6.653333333333333
6.991666666666666
7.645740740740741
8.545
12.443703703703704
8.027962962962963
7.552037037037037
5.8751851851851855
11.147037037037038
9.626666666666667
7.32462962962963
7.145555555555555
4.589074074074074
9.86462962962963
6.736851851851852
9.723333333333333
7.99962962962963
9.292592592592593
12.468333333333334
13.768148148148148
8.362777777777778
7.191851851851852
7.315740740740741
8.098333333333333
8.579074074074073
7.24037037037037
14.425740740740741
11.407222222222222
7.691851851851852
9.74
11.577962962962962
8.538703703703703
10.608518518518519
7.54425925925926
7.5216666666666665
42.09648148148148
10.98425925925926
46.343333333333334
6.7716666666666665
26.82888888888889
12.308703703703705
7.714814814814815
9.538703703703703
9.809814814814814
11.470925925925926
10.863703703703704
10.162962962962963
11.012037037037038
10.869259259259259
11.881296296296297
13.906666666666666
13.033703703703704
8.062592592592592
14.876851851851852
9.417592592592593
10.056666666666667
9.313888888888888
10.207037037037036
8.763148148148149
9.428888888888888
13.007962962962964
11.238148148148149
13.151296296296296
12.061851851851852
13.962592592592593
10.445185185185185
13.496481481481482
12.728333333333333
28.664074074074072
23.031296296296297
118.71574074074074
49.91777777777778
24.34722222222222
10.808518518518518
13.914444444444445
48.16277777777778
50.98425925925926
10.99148148148148
15.809259259259258
15.016666666666667
13.85537037037037
11.374814814814815
25.69814814814815
63.68314814814815
41.632777777777775
11.102407407407407
127.75833333333334
37.18518518518518
31.28796296296296
46.696851851851854
31.05388888888889
7.482407407407408
91.00333333333333
10.95
25.423703703703705
12.362592592592593
10.976481481481482
25.258703703703702
20.244814814814816
24.169444444444444
96.63851851851852
53.550185185185185
145.44055555555556
14.266666666666667
14.48537037037037
27.47851851851852
16.200185185185184
23.620555555555555
9.666851851851852
9.852407407407407
10.517407407407408
11.786851851851852
10.446296296296296
16.37351851851852
13.001666666666667
106.1061111111111
21.35796296296296
29.931851851851853
22.706666666666667
143.3037037037037
64.53907407407408
34.55518518518519
63.57962962962963
29.16351851851852
81.56074074074074
46.55685185185185
15.327962962962962
54.38740740740741
66.29018518518518
10.754259259259259
111.65518518518519
106.06555555555556
84.79388888888889
68.20351851851852
23.618148148148148
38.01462962962963
221.11851851851853
21.22388888888889
102.77203703703704
45.258148148148145
15.47351851851852
14.332407407407407
18.700555555555557
30.82962962962963
17.352037037037036
26.39574074074074
19.288888888888888
14.755555555555556
25.516296296296296
49.11388888888889
51.95074074074074
201.0088888888889
125.73722222222223
29.613333333333333
65.08851851851851
27.51462962962963
15.01962962962963
19.888703703703705
37.14944444444444
24.775
23.84962962962963
42.257407407407406
77.61537037037037
34.33481481481481
34.40777777777778
25.68037037037037
132.3724074074074
36.72277777777778
33.025555555555556
187.29166666666666
44.37796296296296
57.27981481481481
179.3625925925926
50.75425925925926
172.92407407407407
89.57814814814814
115.87092592592593
151.47037037037038
34.12111111111111
61.385
99.55888888888889
68.99018518518518
43.80277777777778
73.50259259259259
106.87648148148148
155.30962962962963
106.88888888888889
34.07222222222222
119.04351851851852
183.165
151.4624074074074
145.81259259259258
123.99148148148149
73.49351851851851
182.07777777777778
34.12240740740741
135.41129629629629
68.93537037037036
44.14018518518518
74.88555555555556
46.331296296296294
92.1774074074074
57.82296296296296
65.44814814814815
20.857777777777777
15.310555555555556
32.58296296296297
20.184814814814814
30.615
49.620185185185186
26.740185185185187
24.145185185185184
43.32277777777778
47.50092592592593
59.361666666666665
125.5425925925926
122.64259259259259
34.401296296296294
22.76648148148148
49.017407407407404
31.536851851851853
24.003703703703703
34.31
154.82092592592593
30.18314814814815
241.52759259259258
39.12740740740741
145.9287037037037
138.62
217.68074074074073
322.7188888888889
182.59259259259258
215.51
58.43648148148148
244.6114814814815
199.96962962962962
223.49833333333333
161.32611111111112
86.23222222222222
161.75203703703704
298.0951851851852
261.1588888888889
174.04611111111112
212.20962962962963
51.8537037037037
137.55333333333334
120.675
443.91777777777776
230.94407407407408
108.91685185185185
167.05037037037036
235.3661111111111
133.77333333333334
110.85018518518518
138.365
122.42444444444445
308.4903703703704
327.01259259259257
210.5075925925926
417.0288888888889
340.225
323.80981481481484
182.59648148148148
198.34222222222223
98.08925925925926
150.3887037037037
128.40074074074073
151.2809259259259
132.27277777777778
296.1253703703704
116.16148148148149
530.2894444444445
132.16185185185185
84.18481481481481
302.8361111111111
130.43796296296296
203.53703703703704
323.72407407407405
265.2225925925926
240.10981481481483
129.72425925925927
168.36018518518517
183.52962962962962
313.1716666666667
145.16648148148147
322.0883333333333
145.20092592592593
116.94333333333333
500.9062962962963
158.35222222222222
312.32925925925923
159.2525925925926
356.24944444444446
147.0812962962963
257.4931481481481
519.6057407407408
131.0309259259259
167.58314814814815
163.75
369.1775925925926
164.80018518518517
188.65907407407408
171.96481481481482
126.52648148148148
172.3737037037037
159.8827777777778
141.04333333333332
169.77925925925925
199.22518518518518
124.5962962962963
148.6937037037037
182.97722222222222
143.27092592592592
157.2712962962963
133.01592592592593
185.87777777777777
153.93037037037038
350.12074074074076
141.99574074074073
180.9175925925926
180.055
145.91037037037037
153.00611111111112
196.6162962962963
185.95814814814815
156.53444444444443
196.77203703703702
172.41555555555556
177.99851851851852
172.85055555555556
